country date total_case new_case new_deaths new_deaths_smoothed new_cases_per_million new_deaths_per_million
Afghanistan 2022-04-08 177974.0 0.0 0.0 0.143 0.0 0.0
Africa 2022-04-08 11584668.0 2145.0 12.0 37.429 1.562 0.009
Albania 2022-04-08 274136.0 28.0 0.0 0.0 9.746 0.0
Algeria 2022-04-08 265714.0 7.0 0.0 0.0 0.157 0.0
Andorra 2022-04-08 40328.0 304.0 0.0 0.0 3929.984 0.0
Angola 2022-04-08 99194.0 0.0 0.0 0.0 0.0 0.0
Anguilla 2022-04-08 2717.0 0.0 0.0 0.0 0.0 0.0
Antigua and Barbuda 2022-04-08 7511.0 0.0 0.0 0.0 0.0 0.0
Argentina 2022-04-08 9051243.0 1993.0 36.0 20.286 43.701 0.789
Armenia 2022-04-08 422643.0 14.0 0.0 0.429 4.717 0.0
Aruba 2022-04-08 34189.0 100.0 0.0 0.0 932.879 0.0
Asia 2022-04-08 143654759.0 423973.0 1033.0 907.714 90.623 0.221
Australia 2022-04-08 5020617.0 49317.0 24.0 26.429 1912.385 0.931
Austria 2022-04-08 3964246.0 14085.0 27.0 37.571 1557.546 2.986
Azerbaijan 2022-04-08 792188.0 22.0 0.0 1.286 2.152 0.0
Bahamas 2022-04-08 33340.0 10.0 1.0 0.143 25.194 2.519
Bahrain 2022-04-08 559034.0 425.0 0.0 0.143 243.094 0.0
Bangladesh 2022-04-08 1951995.0 48.0 0.0 0.143 0.289 0.0
Barbados 2022-04-08 61267.0 377.0 0.0 0.286 1310.356 0.0
Belarus 2022-04-08 968676.0 945.0 4.0 5.857 100.076 0.424
Belgium 2022-04-08 3915732.0 34209.0 89.0 24.429 2940.854 7.651
Belize 2022-04-08 57318.0 0.0 4.0 0.571 0.0 9.879
Benin 2022-04-08 26952.0 0.0 0.0 0.0 0.0 0.0
Bermuda 2022-04-08 12711.0 147.0 0.0 0.143 2367.455 0.0
Bhutan 2022-04-08 38921.0 1872.0 1.0 0.286 2400.308 1.282
Bolivia 2022-04-08 903062.0 313.0 0.0 0.571 26.452 0.0
Bonaire Sint Eustatius and Saba 2022-04-08 8992.0 109.0 0.0 0.0 4121.762 0.0
Bosnia and Herzegovina 2022-04-08 376081.0 53.0 4.0 2.0 16.24 1.226
Botswana 2022-04-08 305526.0 0.0 0.0 0.0 0.0 0.0
Brazil 2022-04-08 30125540.0 30212.0 149.0 158.857 141.182 0.696
British Virgin Islands 2022-04-08 6162.0 0.0 0.0 0.0 0.0 0.0
Brunei 2022-04-08 137947.0 362.0 0.0 0.571 819.873 0.0
Bulgaria 2022-04-08 1144822.0 715.0 13.0 18.714 103.673 1.885
Burkina Faso 2022-04-08 20858.0 0.0 0.0 0.0 0.0 0.0
Burundi 2022-04-08 38663.0 54.0 0.0 0.0 4.406 0.0
Cambodia 2022-04-08 135889.0 28.0 0.0 0.143 1.652 0.0
Cameroon 2022-04-08 119780.0 236.0 0.0 0.0 8.669 0.0
Canada 2022-04-08 3533901.0 6019.0 41.0 30.429 158.112 1.077
Cape Verde 2022-04-08 55970.0 7.0 0.0 0.0 12.458 0.0
Cayman Islands 2022-04-08 21121.0 515.0 0.0 0.0 7744.594 0.0
Central African Republic 2022-04-08 14649.0 0.0 0.0 0.0 0.0 0.0
Chad 2022-04-08 7349.0 0.0 0.0 0.143 0.0 0.0
Chile 2022-04-08 3504783.0 4113.0 43.0 45.429 214.081 2.238
China 2022-04-08 364044.0 23743.0 0.0 0.0 16.44 0.0
Colombia 2022-04-08 6087443.0 320.0 10.0 9.571 6.242 0.195
Comoros 2022-04-08 8097.0 2.0 0.0 0.0 2.251 0.0
Congo 2022-04-08 24079.0 0.0 0.0 0.0 0.0 0.0
Cook Islands 2022-04-08 3171.0 136.0   7739.586 
Costa Rica 2022-04-08 841343.0 1975.0 19.0 8.714 384.312 3.697
Cote d'Ivoire 2022-04-08 81803.0 3.0 0.0 0.0 0.111 0.0
Croatia 2022-04-08 1107648.0 1091.0 8.0 10.857 267.293 1.96
Cuba 2022-04-08 1095625.0 619.0 0.0 1.0 54.694 0.0
Curacao 2022-04-08 41153.0 351.0 3.0 0.429 2129.906 18.204
Cyprus 2022-04-08 454362.0 2028.0 22.0 5.286 2263.38 24.553
Czechia 2022-04-08 3860064.0 4166.0 28.0 23.714 388.454 2.611
Democratic Republic of Congo 2022-04-08 86748.0 0.0 0.0 0.0 0.0 0.0
Denmark 2022-04-08 3080975.0 2680.0 24.0 19.714 461.012 4.128
Djibouti 2022-04-08 15593.0 0.0 0.0 0.0 0.0 0.0
Dominica 2022-04-08 11953.0 0.0 0.0 0.0 0.0 0.0
Dominican Republic 2022-04-08 578416.0 0.0 0.0 0.0 0.0 0.0
Ecuador 2022-04-08 863398.0 1077.0 12.0 5.714 60.206 0.671
Egypt 2022-04-08 509177.0 3913.0 56.0 8.0 37.532 0.537
El Salvador 2022-04-08 161570.0 518.0 0.0 0.286 79.466 0.0
Equatorial Guinea 2022-04-08 16001.0 0.0 0.0 0.0 0.0 0.0
Eritrea 2022-04-08 9729.0 1.0 0.0 0.0 0.278 0.0
Estonia 2022-04-08 562939.0 825.0 5.0 3.286 622.553 3.773
Eswatini 2022-04-08 69959.0 12.0 0.0 0.143 10.236 0.0
Ethiopia 2022-04-08 470005.0 26.0 0.0 1.143 0.221 0.0
Europe 2022-04-08 184872929.0 515776.0 1660.0 1498.429 688.654 2.216
European Union 2022-04-08 130321466.0 455433.0 1007.0 976.714 1018.433 2.252
Faeroe Islands 2022-04-08 34658.0 0.0 0.0 0.0 0.0 0.0
Falkland Islands 2022-04-08 128.0 0.0   0.0 
Fiji 2022-04-08 64492.0 21.0 0.0 0.0 23.258 0.0
Finland 2022-04-08 920692.0 7216.0 27.0 27.143 1300.564 4.866
France 2022-04-08 26751596.0 148768.0 139.0 107.0 2206.52 2.062
French Polynesia 2022-04-08 72528.0 55.0 0.0 0.286 194.667 0.0
Gabon 2022-04-08 47588.0 0.0 0.0 0.0 0.0 0.0
Gambia 2022-04-08 11990.0 0.0 0.0 0.0 0.0 0.0
Georgia 2022-04-08 1650981.0 273.0 1.0 2.571 68.597 0.251
Germany 2022-04-08 22629378.0 150675.0 309.0 283.429 1795.878 3.683
Ghana 2022-04-08 161048.0 14.0 0.0 0.0 0.441 0.0
Gibraltar 2022-04-08 17236.0 0.0 0.0 0.0 0.0 0.0
Greece 2022-04-08 3152477.0 14763.0 57.0 64.857 1423.523 5.496
Greenland 2022-04-08 11971.0 0.0 0.0 0.0 0.0 0.0
Grenada 2022-04-08 14024.0 0.0 0.0 0.0 0.0 0.0
Guam 2022-04-03      
Guatemala 2022-04-08 834481.0 758.0 6.0 7.0 41.535 0.329
Guinea 2022-04-08 36459.0 0.0 0.0 0.0 0.0 0.0
Guinea-Bissau 2022-04-08 8172.0 0.0 0.0 0.0 0.0 0.0
Guyana 2022-04-08 63310.0 5.0 0.0 0.0 6.326 0.0
Haiti 2022-04-08 30578.0 3.0 1.0 0.143 0.26 0.087
High income 2022-04-08 280039573.0 915849.0 2566.0 2279.714 753.828 2.112
Honduras 2022-04-08 421268.0 0.0 0.0 1.143 0.0 0.0
Hong Kong 2022-04-08 1185727.0 2492.0 86.0 99.714 329.944 11.387
Hungary 2022-04-08 1868007.0 2400.0 37.0 30.143 249.114 3.841
Iceland 2022-04-08 183363.0 730.0 3.0 0.571 1979.436 8.135
India 2022-04-08 43034217.0 1150.0 83.0 56.0 0.825 0.06
Indonesia 2022-04-08 6030168.0 1755.0 47.0 56.0 6.35 0.17
International 2022-04-08 721.0 0.0 0.0 0.0  
Iran 2022-04-08 7186992.0 3184.0 36.0 41.143 37.446 0.423
Iraq 2022-04-08 2321630.0 261.0 2.0 2.286 6.338 0.049
Ireland 2022-04-08 1487164.0 2843.0 20.0 11.0 570.551 4.014
Isle of Man 2022-04-08 30169.0 1279.0 0.0 0.429 14974.827 0.0
Israel 2022-04-08 3987827.0 5303.0 0.0 9.0 570.767 0.0
Italy 2022-04-08 15173707.0 67641.0 144.0 144.143 1120.488 2.385
Jamaica 2022-04-08 128972.0 22.0 1.0 1.857 7.399 0.336
Japan 2022-04-08 6937720.0 51844.0 69.0 57.429 411.295 0.547
Jersey 2022-03-27      
Jordan 2022-04-08 1694216.0 1731.0 17.0 2.429 168.565 1.655
Kazakhstan 2022-04-08 1394014.0 10.0 0.0 0.143 0.526 0.0
Kenya 2022-04-08 323524.0 0.0 0.0 0.0 0.0 0.0
Kiribati 2022-04-08 3069.0 1.0 0.0 0.0 8.238 0.0
Kosovo 2022-04-08 227681.0 26.0 0.0 0.286 14.589 0.0
Kuwait 2022-04-08 630252.0 340.0 0.0 0.143 78.548 0.0
Kyrgyzstan 2022-04-08 200969.0 1.0 0.0 0.286 0.151 0.0
Laos 2022-04-08 192860.0 1843.0 3.0 3.0 249.751 0.407
Latvia 2022-04-08 807385.0 960.0 3.0 5.857 514.212 1.607
Lebanon 2022-04-08 1094314.0 218.0 3.0 3.857 32.205 0.443
Lesotho 2022-04-08 32910.0 0.0 0.0 0.0 0.0 0.0
Liberia 2022-04-08 7400.0 0.0 0.0 0.0 0.0 0.0
Libya 2022-04-08 501738.0 0.0 0.0 0.0 0.0 0.0
Liechtenstein 2022-04-08 16702.0 0.0 0.0 0.0 0.0 0.0
Lithuania 2022-04-08 1038962.0 1540.0 10.0 9.429 572.52 3.718
Low income 2022-04-08 1816057.0 138.0 1.0 3.429 0.207 0.002
Lower middle income 2022-04-08 89922133.0 76236.0 283.0 274.714 22.889 0.085
Luxembourg 2022-04-08 223666.0 862.0 3.0 1.143 1357.878 4.726
Macao 2022-04-08 82.0 0.0   0.0 
Madagascar 2022-04-08 64050.0 0.0 0.0 0.571 0.0 0.0
Malawi 2022-04-08 85694.0 11.0 0.0 0.286 0.56 0.0
Malaysia 2022-04-08 4307529.0 14944.0 31.0 35.143 455.941 0.946
Maldives 2022-04-08 177665.0 665.0 0.0 0.0 1223.281 0.0
Mali 2022-04-08 30535.0 9.0 0.0 0.143 0.432 0.0
Malta 2022-04-08 85057.0 659.0 4.0 2.571 1276.884 7.75
Marshall Islands 2022-04-08 7.0 0.0   0.0 
Mauritania 2022-04-08 58710.0 0.0 0.0 0.0 0.0 0.0
Mauritius 2022-04-08 214860.0 4517.0 17.0 2.429 3547.118 13.35
Mexico 2022-04-08 5719829.0 4325.0 87.0 66.857 33.202 0.668
Micronesia (country) 2022-04-08 1.0 0.0   0.0 
Moldova 2022-04-08 515121.0 239.0 5.0 3.571 59.393 1.243
Monaco 2022-04-08 11127.0 108.0 0.0 0.0 2732.794 0.0
Mongolia 2022-04-08 919870.0 86.0 0.0 0.0 25.831 0.0
Montenegro 2022-04-08 233640.0 58.0 0.0 0.286 92.349 0.0
Montserrat 2022-04-08 176.0 0.0 0.0 0.0 0.0 0.0
Morocco 2022-04-08 1163888.0 82.0 0.0 0.143 2.196 0.0
Mozambique 2022-04-08 225277.0 2.0 0.0 0.0 0.062 0.0
Myanmar 2022-04-08 612224.0 92.0 0.0 0.429 1.679 0.0
Namibia 2022-04-08 157841.0 16.0 1.0 0.286 6.184 0.386
Nepal 2022-04-08 978556.0 11.0 0.0 0.0 0.371 0.0
Netherlands 2022-04-08 8065807.0 10873.0 13.0 12.429 633.142 0.757
New Caledonia 2022-04-08 60494.0 2.0 0.0 0.143 6.939 0.0
New Zealand 2022-04-08 760540.0 18553.0 19.0 16.429 3619.18 3.706
Nicaragua 2022-04-08 18491.0 0.0 0.0 0.143 0.0 0.0
Niger 2022-04-08 8822.0 0.0 0.0 0.0 0.0 0.0
Nigeria 2022-04-08 255575.0 0.0 0.0 0.0 0.0 0.0
North America 2022-04-08 95027433.0 101864.0 738.0 644.429 170.746 1.237
North Macedonia 2022-04-08 307507.0 163.0 4.0 2.0 78.265 1.921
Norway 2022-04-08 1414993.0 1036.0 149.0 21.286 189.548 27.261
Oceania 2022-04-08 6061073.0 68386.0 43.0 45.286 1582.278 0.995
Oman 2022-04-08 388603.0 0.0 0.0 0.429 0.0 0.0
Pakistan 2022-04-08 1526472.0 238.0 0.0 0.143 1.057 0.0
Palau 2022-04-08 4098.0 28.0 0.0 0.0 1540.662 0.0
Palestine 2022-04-08 656287.0 537.0 0.0 0.0 102.819 0.0
Panama 2022-04-08 766504.0 327.0 0.0 0.571 74.631 0.0
Papua New Guinea 2022-04-08 43424.0 0.0 0.0 0.429 0.0 0.0
Paraguay 2022-04-08 648446.0 93.0 3.0 0.429 12.882 0.416
Peru 2022-04-08 3550791.0 551.0 18.0 26.0 16.517 0.54
Philippines 2022-04-08 3680802.0 288.0 69.0 51.714 2.593 0.621
Poland 2022-04-08 5976364.0 1324.0 58.0 49.571 35.029 1.535
Portugal 2022-04-08 3667184.0 18550.0 47.0 22.571 1824.365 4.622
Puerto Rico 2022-04-04      
Qatar 2022-04-08 362404.0 131.0 0.0 0.0 44.702 0.0
Romania 2022-04-08 2870486.0 1709.0 9.0 19.571 89.347 0.471
Russia 2022-04-08 17707591.0 14123.0 276.0 293.143 96.791 1.892
Rwanda 2022-04-08 129743.0 1.0 0.0 0.0 0.075 0.0
Saint Helena 2022-04-08 4.0 0.0   0.0 
Saint Kitts and Nevis 2022-04-08 5552.0 1.0 0.0 0.0 18.676 0.0
Saint Lucia 2022-04-08 23010.0 12.0 0.0 0.0 65.076 0.0
Saint Pierre and Miquelon 2022-04-08 2418.0 182.0 0.0 0.0 31536.995 0.0
Saint Vincent and the Grenadines 2022-04-08 8339.0 0.0 0.0 0.0 0.0 0.0
Samoa 2022-04-08 3320.0 538.0 0.0 0.286 2688.065 0.0
San Marino 2022-04-08 15629.0 48.0 0.0 0.143 1411.35 0.0
Sao Tome and Principe 2022-04-08 5948.0 0.0 0.0 0.0 0.0 0.0
Saudi Arabia 2022-04-08 751622.0 104.0 1.0 1.286 2.943 0.028
Senegal 2022-04-08 85947.0 7.0 0.0 0.143 0.407 0.0
Serbia 2022-04-08 1987756.0 1317.0 7.0 8.571 191.66 1.019
Seychelles 2022-04-08 41059.0 193.0 0.0 0.0 1951.269 0.0
Sierra Leone 2022-04-08 7675.0 0.0 0.0 0.0 0.0 0.0
Singapore 2022-04-08 1132169.0 4014.0 7.0 3.857 736.028 1.284
Sint Maarten (Dutch part) 2022-04-01      
Slovakia 2022-04-08 2484354.0 4222.0 23.0 22.143 774.783 4.221
Slovenia 2022-04-08 984838.0 2054.0 4.0 4.857 988.107 1.924
Solomon Islands 2022-04-08 12005.0 149.0 0.0 0.714 211.649 0.0
Somalia 2022-04-08 26471.0 0.0 0.0 0.0 0.0 0.0
South Africa 2022-04-08 3730066.0 1377.0 9.0 7.429 22.934 0.15
South America 2022-04-08 56291719.0 37981.0 262.0 271.0 87.461 0.603
South Korea 2022-04-08 15169189.0 185495.0 338.0 309.0 3615.522 6.588
South Sudan 2022-04-08 17333.0 12.0 0.0 0.0 1.054 0.0
Spain 2022-04-08 11551574.0 0.0 0.0 0.0 0.0 0.0
Sri Lanka 2022-04-08 662505.0 80.0 2.0 1.429 3.721 0.093
Sudan 2022-04-08 61987.0 0.0 0.0 0.0 0.0 0.0
Suriname 2022-04-08 79241.0 0.0 0.0 0.0 0.0 0.0
Sweden 2022-04-08 2491980.0 4128.0 141.0 20.143 406.293 13.878
Switzerland 2022-04-08 3528689.0 21380.0 3.0 5.286 2453.102 0.344
Syria 2022-04-08 55735.0 4.0 0.0 0.571 0.219 0.0
Taiwan 2022-04-08 26263.0 507.0 0.0 0.0 21.253 0.0
Tajikistan 2022-04-08 17786.0 0.0 0.0 0.0 0.0 0.0
Tanzania 2022-04-08 33815.0 0.0 0.0 0.0 0.0 0.0
Thailand 2022-04-08 3858346.0 50438.0 187.0 93.857 721.049 2.673
Timor 2022-04-08 22842.0 0.0 0.0 0.0 0.0 0.0
Togo 2022-04-08 36955.0 0.0 0.0 0.0 0.0 0.0
Tonga 2022-04-08 7931.0 266.0 0.0 0.429 2491.593 0.0
Trinidad and Tobago 2022-04-08 139973.0 378.0 1.0 2.857 269.351 0.713
Tunisia 2022-04-08 1037358.0 1474.0 102.0 14.571 123.494 8.546
Turkey 2022-04-08 14946379.0 7120.0 31.0 37.714 83.723 0.365
Turks and Caicos Islands 2022-04-08 5923.0 0.0 0.0 0.0 0.0 0.0
Uganda 2022-04-08 163972.0 18.0 0.0 0.0 0.382 0.0
Ukraine 2022-04-08 5040518.0 0.0 0.0 0.0 0.0 0.0
United Arab Emirates 2022-04-08 893312.0 240.0 0.0 0.0 24.021 0.0
United Kingdom 2022-04-08 21619833.0 41469.0 347.0 178.286 607.986 5.087
United States 2022-04-08 80386635.0 94152.0 634.0 536.429 282.811 1.904
United States Virgin Islands 2022-04-04      
Upper middle income 2022-04-08 125696729.0 157475.0 898.0 846.429 62.647 0.357
Uruguay 2022-04-08 893009.0 555.0 2.0 2.857 159.247 0.574
Uzbekistan 2022-04-08 237994.0 27.0 0.0 0.0 0.796 0.0
Vanuatu 2022-04-08 4922.0 7.0 0.0 0.143 22.26 0.0
Vatican 2022-04-08 29.0 0.0   0.0 
Venezuela 2022-04-08 521325.0 139.0 1.0 1.286 4.842 0.035
Vietnam 2022-04-08 10135789.0 65097.0 35.0 34.571 663.113 0.357
Wallis and Futuna 2022-04-08 454.0 0.0 0.0 0.0 0.0 0.0
World 2022-04-08 497493302.0 1150125.0 3748.0 3404.286 146.048 0.476
Yemen 2022-04-08 11812.0 0.0 1.0 0.429 0.0 0.033
Zambia 2022-04-08 317483.0 125.0 0.0 0.143 6.607 0.0
Zimbabwe 2022-04-08 246925.0 55.0 2.0 1.857 3.644 0.133
